1292
1304
1305
1306
1309
1310
1320
1325
1327
1333
1338
1339
1346
1349
1352
1353
1390
1391
1398
1401
1402
1406
1407
1412
1413
1414
1415
1416
1426
1429
1430
1436
1439
1440
1441
1442
1443
1445
1446
1449
1451
1454
1456
1458
1464
1468
1469
1471
1473
1474
1475
1476
1477
1479
1482
1485
1487
1489
1493
1495
1497
1500
1501
1502
1506
1508
1542
1543
1544
1547
1552
1555
1556
1557
1558
1559
1560
1562
1563
1564
1565
1566
1568
1569
1571
1572
1573
1574
1577
1579
1580
1582
1583
1584
1585
1586
1587
1588
1632
1634
1637
1638
1641
1642
1643
1646
1654
1659
1664
1665
1666
1668
1669
1670
1672
1676
1680
1682
1683
1684
1685
1686
1690
1696
1697
1699
1700
1701
1702
1732
1733
1734
1735
1737
1740
1743
1745
1746
1748
1750
